-1.000000000000000056e-01 -3.655050505050504439e-01
-3.333333333333333981e-02 -2.858585858585858674e-01
3.333333333333332593e-02 -1.999494949494948770e-01
1.000000000000000056e-01 -1.290404040404039276e-01
1.666666666666666574e-01 -6.565656565656557975e-02
2.333333333333333093e-01 -8.282828282828219937e-03
3.000000000000000444e-01 5.085858585858596403e-02
3.666666666666666963e-01 9.111111111111122596e-02
4.333333333333333481e-01 1.351515151515152446e-01
5.000000000000000000e-01 1.675757575757576556e-01
