-1.000000000000000056e-01 -6.060606060606051754e-02
-3.333333333333333981e-02 -6.010101010101001617e-02
3.333333333333332593e-02 -5.535353535353527976e-02
1.000000000000000056e-01 -4.767676767676762295e-02
1.666666666666666574e-01 -4.545454545454539336e-02
2.333333333333333093e-01 -4.308080808080801127e-02
3.000000000000000444e-01 -4.020202020202012783e-02
3.666666666666666963e-01 -3.888888888888881318e-02
4.333333333333333481e-01 -3.515151515151507255e-02
5.000000000000000000e-01 -3.030303030303025183e-02
