-1.000000000000000056e-01 -3.987878787878787468e-01
-3.333333333333333981e-02 -3.222222222222221322e-01
3.333333333333332593e-02 -2.508080808080807578e-01
1.000000000000000056e-01 -1.781818181818181634e-01
1.666666666666666574e-01 -1.124242424242423988e-01
2.333333333333333093e-01 -4.989898989898983866e-02
3.000000000000000444e-01 1.262626262626357493e-03
3.666666666666666963e-01 5.070707070707083236e-02
4.333333333333333481e-01 9.818181818181828668e-02
5.000000000000000000e-01 1.381818181818182667e-01
